Original message: 

0 0 0 0 0 0 0 0 0 0 0 0 0 0 0 0 0 0 0 0 0 0 0 0 0 0 0 0 0 0 0 0 0 0 0 0 0 0 0 0 0 0 0 0 0 0 0 0 0 0 0 0 0 0 0 0 0 0 0 0 0 0 0 0 
0 0 0 0 0 0 0 0 0 0 0 0 0 0 0 0 0 0 0 0 0 0 0 0 0 0 0 0 0 0 0 0 0 0 0 0 0 0 0 0 0 0 0 0 0 0 0 0 0 0 0 0 0 0 0 0 0 0 0 0 0 0 0 0 
0 0 0 0 0 0 0 0 0 0 0 0 0 0 0 0 0 0 0 0 0 0 0 0 0 0 0 0 0 0 0 0 0 0 0 0 0 0 0 0 0 0 0 0 0 0 0 0 0 0 0 0 0 0 0 0 0 0 0 0 0 0 0 0 
0 0 0 0 0 0 0 0 0 0 0 0 0 0 0 0 0 0 0 0 0 0 0 0 0 0 0 0 0 0 0 0 0 0 0 0 0 0 0 0 0 0 0 0 0 0 0 0 0 0 0 0 0 0 0 0 0 0 0 0 0 0 0 0 
0 0 0 0 0 0 0 0 0 0 0 0 0 0 0 0 0 0 0 0 0 0 0 0 0 0 0 0 0 0 0 0 0 0 0 0 0 0 0 0 0 0 0 0 0 0 0 0 0 0 0 0 0 0 0 0 0 0 0 0 0 0 0 0 
0 0 0 0 0 0 0 0 0 0 0 0 0 0 0 0 0 0 0 0 0 0 0 0 0 0 0 0 0 0 0 0 0 0 0 0 0 0 0 0 0 0 0 0 0 0 0 0 0 0 0 0 0 0 0 0 0 0 0 0 0 0 0 0 
0 0 0 0 0 0 0 0 0 0 0 0 0 0 0 0 0 0 0 0 0 0 0 0 0 0 0 0 0 0 0 0 0 0 0 0 0 0 0 0 0 0 0 0 0 0 0 0 0 0 0 0 0 0 0 0 0 0 0 0 0 0 0 0 
0 0 0 0 0 0 0 0 0 0 0 0 0 0 0 0 0 0 0 0 0 0 0 0 0 0 0 0 0 0 0 0 0 0 0 0 0 0 0 0 0 0 0 0 0 0 0 0 0 0 0 0 0 0 0 0 0 0 0 0 0 0 0 0 

Encrypted message: 

202 233 4 178 119 173 168 83 27 44 219 135 25 22 150 152 216 190 208 192 13 44 84 146 53 5 86 209 141 39 38 16 248 68 237 201 35 161 151 198 4 144 52 41 12 147 12 3 42 76 214 12 105 31 72 7 145 209 15 166 104 132 1 20 
168 40 29 62 44 96 217 155 110 105 103 138 195 231 15 165 96 255 194 226 61 206 145 15 238 219 116 48 41 244 76 216 151 143 152 196 194 45 231 91 54 42 10 237 104 107 130 206 251 227 129 62 41 31 196 110 73 144 175 185 97 1 253 181 
128 93 13 61 11 253 148 194 168 45 172 59 159 240 169 121 244 227 124 105 224 117 219 10 10 204 201 75 173 26 158 253 238 199 22 107 84 110 191 28 172 161 210 141 230 84 252 158 246 134 226 69 137 199 237 244 179 118 106 245 81 189 54 78 
91 16 240 49 252 190 176 149 195 92 171 130 220 79 69 186 214 101 136 47 230 131 148 194 88 169 161 252 191 189 160 69 132 67 38 43 59 216 140 202 192 199 105 137 252 215 234 17 161 93 75 243 56 61 202 180 71 99 115 140 120 103 123 182 
241 157 45 1 233 189 74 214 104 81 17 11 41 47 1 190 118 141 215 72 164 220 70 86 94 101 109 58 215 146 153 156 143 21 88 164 221 110 210 4 139 22 170 136 186 39 179 255 110 100 79 228 60 227 192 25 92 132 76 184 1 75 183 105 
226 70 5 166 119 209 120 221 50 16 192 148 237 3 155 198 246 215 80 187 232 98 129 164 232 132 189 243 92 141 22 60 40 218 187 165 12 131 53 36 21 220 135 233 235 152 51 38 43 244 208 103 108 88 98 72 76 8 27 134 142 0 5 89 
91 61 102 82 214 248 203 239 251 253 206 197 10 164 124 13 221 67 7 212 217 0 212 228 69 231 161 106 167 102 7 193 13 99 25 96 134 120 156 129 32 69 177 154 51 102 103 240 123 75 122 69 241 223 44 180 123 215 217 26 152 102 38 92 
68 167 30 76 153 89 96 207 82 89 126 120 126 171 190 7 44 70 54 64 41 130 57 143 40 72 134 218 153 53 237 217 167 147 75 162 136 5 32 206 176 31 169 7 252 86 16 76 55 201 235 241 189 238 120 0 116 87 62 113 195 138 30 66 

Decrypted message: 

0 0 0 0 0 0 0 0 0 0 0 0 0 0 0 0 0 0 0 0 0 0 0 0 0 0 0 0 0 0 0 0 0 0 0 0 0 0 0 0 0 0 0 0 0 0 0 0 0 0 0 0 0 0 0 0 0 0 0 0 0 0 0 0 
0 0 0 0 0 0 0 0 0 0 0 0 0 0 0 0 0 0 0 0 0 0 0 0 0 0 0 0 0 0 0 0 0 0 0 0 0 0 0 0 0 0 0 0 0 0 0 0 0 0 0 0 0 0 0 0 0 0 0 0 0 0 0 0 
0 0 0 0 0 0 0 0 0 0 0 0 0 0 0 0 0 0 0 0 0 0 0 0 0 0 0 0 0 0 0 0 0 0 0 0 0 0 0 0 0 0 0 0 0 0 0 0 0 0 0 0 0 0 0 0 0 0 0 0 0 0 0 0 
0 0 0 0 0 0 0 0 0 0 0 0 0 0 0 0 0 0 0 0 0 0 0 0 0 0 0 0 0 0 0 0 0 0 0 0 0 0 0 0 0 0 0 0 0 0 0 0 0 0 0 0 0 0 0 0 0 0 0 0 0 0 0 0 
0 0 0 0 0 0 0 0 0 0 0 0 0 0 0 0 0 0 0 0 0 0 0 0 0 0 0 0 0 0 0 0 0 0 0 0 0 0 0 0 0 0 0 0 0 0 0 0 0 0 0 0 0 0 0 0 0 0 0 0 0 0 0 0 
0 0 0 0 0 0 0 0 0 0 0 0 0 0 0 0 0 0 0 0 0 0 0 0 0 0 0 0 0 0 0 0 0 0 0 0 0 0 0 0 0 0 0 0 0 0 0 0 0 0 0 0 0 0 0 0 0 0 0 0 0 0 0 0 
0 0 0 0 0 0 0 0 0 0 0 0 0 0 0 0 0 0 0 0 0 0 0 0 0 0 0 0 0 0 0 0 0 0 0 0 0 0 0 0 0 0 0 0 0 0 0 0 0 0 0 0 0 0 0 0 0 0 0 0 0 0 0 0 
0 0 0 0 0 0 0 0 0 0 0 0 0 0 0 0 0 0 0 0 0 0 0 0 0 0 0 0 0 0 0 0 0 0 0 0 0 0 0 0 0 0 0 0 0 0 0 0 0 0 0 0 0 0 0 0 0 0 0 0 0 0 0 0 